0,478139
0,478139
0,478139
0,478139
0,478139
0,478139
0,478139
0,478139
0,478139
0,480942
0,478419
0,478419
0,47898
0,478419
0,477859
0,477578
0,477298
0,477298
0,477578
0,47898
0,47898
0,47898
0,47926
0,480101
0,480101
0,480101
0,480101
0,481502
0,480661
0,480661
0,480661
0,480661
0,480661
0,47926
0,479821
0,479821
0,480661
0,479821
0,479821
0,479821
0,481502
0,481502
0,481502
0,481502
0,481222
0,481222
0,481222
0,480942
0,480942
0,480942
0,480942
0,47954
0,480101
0,480101
0,480381
0,483744
0,483744
0,483744
0,484025
0,484025
0,483464
0,483184
0,482343
0,482343
0,482343
0,482343
0,482343
0,482343
0,482343
0,482063
0,482063
0,47954
0,476738
0,476738
0,476457
0,474776
0,473935
0,473935
0,472814
0,472814
0,473094
0,473094
0,473094
0,473094
0,470572
0,470572
0,470572
0,470572
0,470291
0,470291
0,470291
0,471132
0,471132
0,471132
0,471132
0,471132
0,471413
0,471413
0,471413
0,471973
0,472534
0,472534
0,472534
0,472534
0,472253
0,472253
0,472253
0,472253
0,472253
0,472534
0,471973
0,472253
0,472253
0,472253
0,472253
0,471693
0,470572
0,470572
0,470572
0,470572
0,470572
0,470572
0,470572
0,470572
0,470852
0,470852
0,470852
0,470852
0,471693
0,470572
0,470572
0,470852
0,471413
0,471413
0,471413
0,471413
0,471413
0,471413
0,470011
0,470011
0,470011
0,470011
0,470011
0,46833
0,46861
0,46861
0,46861
0,469731
0,46833
0,46833
0,46833
0,46833
0,469731
0,469731
0,469731
0,46861
0,46861
0,468049
0,468049
0,467769
0,466368
0,466368
0,466368
0,466368
0,466928
0,464966
0,464966
0,465247
0,466368
0,466368
0,46833
0,46833
0,46833
0,466368
0,464966
0,465247
0,465247
0,465247
0,464966
0,464966
0,464966
0,464966
0,464966
0,464966
0,463845
0,463845
0,463845
0,462444
0,462444
0,462724
0,460762
0,460202
0,460202
0,459081
0,459081
0,459081
0,459081
0,459081
0,459081
0,457679
0,457679
0,457679
0,457679
0,457679
0,457679
0,457679
0,457399
0,457399
0,455998
0,455998
0,454877
0,455157
0,454877
0,455157
0,455157
0,455157
0,455717
0,456839
0,456839
0,453475
0,453475
0,453475
0,451794
0,451794
0,451513
0,450673
0,450392
0,449832
0,449832
0,449271
0,448711
0,448711
0,448711
0,448711
0,44787
0,44787
0,44787
0,44787
0,449271
0,450673
0,450953
0,450953
0,450953
0,450953
0,450953
0,449271
0,447309
0,447309
0,445348
0,44759
0,44759
0,44759
0,447029
0,447029
0,446188
0,445628
0,445067
0,444787
0,445348
0,445067
0,445067
0,445628
0,444226
0,444787
0,443666
0,441704
0,441984
0,441704
0,439462
0,43778
0,43778
0,430493
0,429933
0,429652
0,429092
0,427971
0,427691
0,427971
0,427971
0,427691
0,42741
0,428531
0,426009
0,426009
0,426009
0,425729
0,425448
0,42657
0,42657
0,426289
0,426289
0,426289
0,425448
0,423206
0,422365
0,422365
0,420404
0,421244
0,419002
0,419002
0,417881
0,41676
0,41676
0,415359
0,411435
0,411435
0,411435
0,412276
0,412836
0,412836
0,412836
0,415919
0,415919
0,415359
0,414798
0,414238
0,417881
0,417881
0,418161
0,418161
0,418161
0,417601
0,420404
0,418722
0,418722
0,418722
0,418722
0,417601
0,417881
0,417321
0,418161
0,417601
0,417321
0,417321
0,417601
0,4162
0,415919
0,415639
0,414518
0,413957
0,413957
0,412556
0,412276
0,411435
0,410874
0,410874
0,409193
0,408352
0,409473
0,409473
0,409193
0,408352
0,408072
0,407511
0,40667
0,40667
0,407511
0,406951
0,406951
0,407231
0,407231
0,401906
0,401906
0,401906
0,401345
0,401345
0,400785
0,400504
0,398543
0,398543
0,398262
0,396861
0,396861
0,39574
0,394619
0,394619
0,393217
0,393217
0,393217
0,393217
0,392377
0,394058
0,393778
0,394058
0,394899
0,393778
0,394058
0,389854
0,389854
0,389294
0,387892
0,387892
0,387892
0,387892
0,387612
0,387892
0,387892
0,389013
0,389294
0,389013
0,387892
0,388173
0,387892
0,386211
0,386211
0,38537
0,38509
0,384809
0,384809
0,383408
0,383408
0,383408
0,383408
0,383408
0,382848
0,382848
0,383128
0,381446
0,380886
0,380886
0,380605
0,380605
0,379204
0,378924
0,378924
0,377522
0,377242
0,376401
0,376121
0,376121
0,376121
0,375841
0,374159
0,374159
0,373318
0,371637
0,371637
0,371357
0,371637
0,371637
0,373038
0,372197
0,371637
0,370796
0,370516
0,372197
0,371076
0,371917
0,371917
0,371076
0,370516
0,370516
0,367713
0,366031
0,366031
0,366031
0,365191
0,365191
0,365191
0,36463
0,36463
0,365471
0,36491
0,36491
0,36491
0,36463
0,365191
0,365191
0,362948
0,362948
0,362948
0,362948
0,363229
0,36407
0,363229
0,359585
0,359865
0,360146
0,359585
0,359865
0,359025
0,360146
0,360426
0,360426
0,360426
0,358744
0,359305
0,359585
0,359865
0,359025
0,359025
0,358184
0,357623
0,357623
0,357623
0,357904
0,3537
0,3537
0,35426
0,352298
0,352578
0,352578
0,351457
0,351177
0,350897
0,350056
0,346132
0,342209
0,341648
0,341648
0,342489
0,342489
0,342489
0,340807
0,339686
0,338845
0,338565
0,339406
0,339126
0,338845
0,338845
0,338845
0,338845
0,339406
0,337724
0,336603
0,336043
0,334922
0,332679
0,332679
0,332679
0,332679
0,33296
0,33296
0,33296
0,329036
0,328195
0,330717
0,329596
0,329596
0,328475
0,327354
0,327635
0,326513
0,327915
0,325673
0,326513
0,325392
0,322309
0,321749
0,319226
0,319226
0,315583
0,314462
0,31278
0,3125
0,3125
0,311099
0,308857
0,308576
0,306334
0,306334
0,306614
0,305213
0,305774
0,299608
0,299608
0,299608
0,299608
0,296525
0,295123
0,295123
0,292881
0,292881
0,292881
0,290639
0,289238
0,276906
0,276906
0,276906
0,272422
0,272422
0,272422
0,272422
0,270179
0,267657
0,267657
0,266816
0,266816
0,266816
0,266536
0,265975
0,265975
0,265975
0,265975
0,263733
0,258408
0,256726
0,256726
0,253643
0,253643
0,247478
0,247478
0,244675
0,244675
0,234305
0,233184
0,227018
0,224496
0,221693
0,216648
0,20796
0,200953
0,200953
0,19815
0,19759
0,197029
0,197029
0,197029
0,196188
0,195908
0,194787
0,192825
0,191704
0,188621
0,188621
0,188621
0,1875
0,181614
0,181054
0,179372
0,179372
0,179652
0,179652
0,17657
0,175448
0,175448
0,175448
0,173767
0,170964
0,170684
0,168722
0,168722
0,16704
0,161155
0,157511
0,154709
0,152747
0,149103
0,143498
0,143217
0,143498
0,141256
0,137332
0,137332
0,131726
0,131446
0,127522
0,117713
0,116031
0,116031
0,116031
0,115471
0,115471
0,11407
0,109585
0,108744
0,109305
0,107623
0,106502
0,10454
0,100897
0,0997758
0,0983744
0,0936099
0,0891256
0,0891256
0,0868834
0,0852018
0,0846413
0,0846413
0,0829596
0,0823991
0,0804372
0,0790359
0,0765135
0,0765135
0,0720291
0,0647422
0,0557735
0,0526906
0,0501682
0,0501682
0,0476457
0,0476457
0,0473655
0,0459641
0,0434417
0,0434417
0,0420404
0,0417601
0,0417601
0,0417601
0,0409193
0,0392377
0,0392377
0,0392377
0,0392377
0,0392377
0,0336323
0,0336323
0,0322309
0,0294283
0,0294283
0,0294283
0,0294283
0,0294283
0,0294283
0,0294283
0,0294283
0,0294283
0,029148
0,029148
0,0269058
0,0238229
0,0235426
0,0235426
0,0227018
0,0224215
0,0215807
0,0210202
0,0179372
0,0162556
0,0159753
0,0159753
0,0120516
0,0120516
0,0109305
0,01037
0,00840807
0,00840807
0,0081278
0,0081278
0,00616592
0,00616592
0,00616592
0,00616592
0,00616592
0,00616592
0,00588565
0,00588565
0,00588565
0,00560538
0,00560538
0,00560538
0,00560538
0,00560538
0,00532511
0,00532511
0,00504484
0,0044843
0,0044843
0,00420404
0,00420404
0,00420404
0,00392377
0,00392377
0,00392377
0,00392377
0,00392377
0,00392377
0,00392377
0,00392377
0,00392377
0,00392377
0,0036435
0,00336323
0,00308296
0,00308296
0,00308296
0,00308296
0,00308296
0,00308296
0,00308296
0,00308296
0,00280269
0,00280269
0,00280269
0,00252242
0,00112108
0,00112108
0,00112108
0,00112108
0,00112108
0,00112108
0,00112108
0,00112108
0,00112108
0,00112108
0,00112108
0,00112108
0,00112108
0,000840807
0,000840807
0,000840807
0,000840807
0,000840807
0,000840807
0,000840807
0,000840807
0,000840807
0,000840807
0,000840807
0,000840807
0,000840807
0,000840807
0,000840807
0,000840807
0,000840807
0,000840807
0,000840807
0,000840807
0,000840807
0,000840807
0,000560538
0,000560538
0,000560538
0,000560538
0,000560538
0,000560538
0,000560538
0,000560538
0,000560538
0,000560538
0,000560538
0,000560538
0,000560538
0,000560538
0,000560538
0,000560538
0,000560538
0,000560538
0,000560538
0,000560538
0,000560538
0,000560538
0,000560538
0,000560538
0,000560538
0,000560538
0,000560538
0,000560538
0,000560538
0,000560538
0,000560538
0,000560538
0,000560538
0,000560538
0,000560538
0,000560538
0,000560538
0,000280269
0,000280269
0,000280269
0,000280269
0,000280269
0,000280269
0,000280269
0,000280269
0,000280269
0,000280269
0,000280269
0,000280269
0,000280269
0,000280269
0,000280269
0,000280269
0,000280269
0,000280269
0,000280269
0,000280269
0,000280269
0,000280269
0,000280269
0,000280269
0,000280269
0,000280269
0,000280269
0,000280269
0,000280269
0,000280269
0,000280269
0,000280269
0,000280269
0,000280269
0,000280269
0,000280269
0,000280269
0,000280269
0,000280269
0,000280269
0,000280269
0,000280269
0,000280269
0,000280269
0,000280269
0,000280269
0,000280269
0,000280269
0,000280269
0,000280269
0,000280269
0,000280269
0,000280269
0,000280269
0,000280269
0,000280269
0,000280269
0,000280269
0,000280269
0,000280269
0,000280269
0,000280269
0
0
0
0
0
0
0
0
0
0
0
0
0
0
0
0
0
0
0
0
0
0
0
0
0
0
0
0
0
0
0
0
0
0
0
0
0
0
0
0
0
0
0
0
0
0
0
0
0
0
0
0
0
0
0
0
0
0
0
0
0
0
0
0
0
0
0
0
0
0
0
0
0
0
0
0
0
