1015961569
524636540
2029044002
978382936
1757571710
1294130030
11198796
2124991490
170454577
26143694
1927533920
1032025686
2042135635
1345947507
2073208346
1417941715
43647677
1899473110
1224981292
12718240
395659189
137008400
1607442950
933418383
798756571
1879589083
1830047490
1138718086
94628186
2072173964
148728016
665210366
345212060
1846660182
696270427
1818967907
821908238
1753004911
2253967
904841341
630238395
1205213825
1791458059
176747086
1290882977
596830657
2066725089
1903763576
848720149
1700764370
1730340898
2081575772
266079843
31680014
284911648
1043606776
621569314
508463055
254680916
1880583018
303643729
176945454
1123278967
512914011
2137234291
1106486144
1970802109
1358157481
1449775307
503531517
1420446562
1376938353
2128151377
1250520189
200587669
836344993
821109962
1521108355
2056685630
868518598
1650644554
1383942369
1165136258
900544494
1277223199
1846987514
1240545570
56850064
424592540
1575640384
254965464
2006470851
404102426
1239742813
1557458135
1486604355
1500803402
1978596086
1285216389
91089512
1497753761
1597394209
474225141
1428211484
202592423
175346024
649632
1578981133
1404099777
104742563
939618443
97211988
1208533007
964458920
75827529
761454654
567546156
576158325
656041236
2080932
554611732
871541117
1892483942
239730467
350321796
1197437532
1377563357
864718080
1383389209
402404744
488296094
1573839597
1643172010
657672099
463231604
364344910
1685927073
2035906545
1058942626
440522476
1586899065
875761362
1932028974
536768501
768048491
278603265
596286508
1938857971
1204741151
657682308
1990494795
1698835496
335978384
311751800
2012767348
306666872
302927693
402602370
956109893
1811923663
1500973108
1584267471
865748815
697051417
906443147
2119000618
648224875
129302904
1531923257
1163566264
267956648
1181435359
370305608
264732933
327335757
1817016534
713528615
1791149608
1182499028
2115592765
2084235816
1271317031
2076690950
1970624750
706267637
62839387
162315430
1352085069
652681482
984894961
1695690111
1677173262
1828303
356182641
483881657
1680048700
2070878
1214019790
1958305098
1322601892
638101884
468472487
504806051
121641564
1130268223
1589342965
2023521372
1360575553
644803128
1800054330
1673072848
1629453732
582303412
1067148738
835785753
363659409
336796515
851327977
318475506
1171346559
805785628
754543080
1707946258
2139344590
18580654
2085468377
722994145
828973415
244020481
1670747371
1920520955
1703836238
1999344890
1080084152
1477642095
1963159502
326610593
473560155
1102455822
1492609819
298991306
1021933315
1968028775
694361404
2131020470
570630131
318628335
539379810
1239838354
1340791264
338132024
253180613
389499158
1229628734
991204929
1774517315
55649650
1326842894
1484779873
1828325736
340353168
657175300
1513918171
2065289265
549049003
549442509
335149837
783713018
1201590727
316539281
584797198
580966371
130483521
1717256610
1611390484
40123832
1399569216
112514987
48512603
417169411
112730517
449338097
1271457919
2072862019
920416427
172175983
168721280
25469926
1777252458
864407015
549702076
527194590
1351981878
918878972
1077934522
1357161183
1292390829
844769917
1412320981
1194729741
1883582007
1387147646
529580133
92435298
1718598242
926855057
1949811860
1631309094
387515506
128979132
1088276626
883290641
580186733
1299781061
416532443
1149253768
1509554653
963276022
1460167761
1768294619
2110092585
2013418284
827975417
2033438746
2119973139
768028887
1945786645
326241850
257381272
364454599
2102049760
1263876665
783936211
891511067
2093385594
1308265986
803133840
1990701317
47790485
545966765
93928239
1114183425
747741116
1069494100
2060937066
791032851
2077070536
1531543985
2101826623
419661018
644427056
1062318295
257721178
536758622
1591280011
2040480411
1905560579
28968835
451853652
909005913
452393589
555507498
877831003
1273966248
1002264183
167998527
1680312694
309383796
661026509
1984358478
2138834330
627214751
1461276328
1877149475
1904490725
229557482
1086067408
165925000
1311010613
1677527696
2033369036
396676496
1275709467
33458864
88508085
542978365
1745667404
350774266
1386148054
1931794352
47762369
849436730
983749667
1462190819
1228327937
302191486
1622144976
1267259242
1880434051
742590346
1051841936
2111485119
70221373
1831467728
58620491
1468408876
1993198852
983963261
498636833
68966369
363797941
456742095
1375363070
350986738
1650907963
930321794
504237883
190968716
1625736541
1863369498
50773110
1455811769
369030426
1913147379
1621855019
132682012
1567105071
1884416720
663952467
643890966
27827817
1718127804
1952806912
1480335793
1470800892
1303182613
666765417
334044092
12496708
675680830
1517060093
1105069575
93927265
227580037
1370279460
1563740462
1702141820
955450152
282901044
1000816528
1062526916
1489600053
944622264
548609904
1837603155
221604173
1034589423
531719989
1561700403
698132088
247543700
1921236877
927472616
1742803412
890514544
1911738448
1780648043
930673575
100460152
1114514198
55927672
602087860
361141803
1259851928
23988472
244114579
357119255
1710261355
1252808721
1933316560
920781977
1049551213
622405227
733265059
1307998541
1651026016
201967475
265951218
1732515198
2038991764
149025016
171341212
1681005763
886809891
132872158
768916146
1684112194
1618495430
1198501545
188862985
1363455886
1261549935
1665105892
891216321
1195931679
671515890
933080041
1934134068
1922954046
841035298
811272489
1430543482
2142239654
1663778974
752822608
834540313
1193863261
1969561245
844730889
257024678
1604445018
1860963290
1671384537
795405000
74745839
624399891
538000819
89425412
680838895
1881325483
19728833
143726143
204938187
153044562
268315858
17204702
618344749
1528038974
1874504502
392321904
1119588551
1661097445
1043643198
290786521
1117326188
364053785
848891631
1517542366
379695538
1681957281
1814261734
1309243830
1877383642
1193755127
341678117
1805738707
1523987851
698295694
1488062959
804708448
1510528714
495628536
1905815613
1765004135
844668938
105302560
465417120
361078308
618430563
1424911959
1772668167
967237902
1476341602
1711040492
447088662
679034861
1173926256
351341206
1673039990
990401064
1056833077
936762522
504689884
169452451
348158273
1348697162
1398684476
1769024870
1808822810
480910882
1121220652
9102024
415455658
997773059
90235716
29037019
1773086850
1649995710
137250054
1494648771
1541799989
1765628801
1847096327
1616874573
929317281
1542364036
235715807
132687068
842856390
1926951155
729645559
492587607
1036055134
679789334
1664020252
181058873
2029912014
917415118
1553472482
727592076
2081094331
1159093407
1936896031
1363649957
576935117
401586851
1130820217
867338622
1765230263
57662993
2039851976
828746685
2001865904
930414394
1432624140
974273479
1541924899
618258379
1385490534
1385997837
1908977786
551802001
304709999
493350463
1162588801
1423173560
1893545846
400722808
1524255041
1074758734
288312802
1142819213
955013386
2027843755
546567149
363734693
1022771670
2104701544
1079584069
1693252332
40819132
1184696079
1289415445
294543
2056379520
227452394
1488911819
367564085
91905230
821242901
78115506
429033780
50930689
1098306346
1276378366
26633600
1448797795
2126449633
780555235
1624442951
1101585207
797845009
590660327
1157230840
422177139
936805480
1068367859
1356804616
534753028
586815386
1684768941
1900909524
834626481
694592401
1810597793
1529262021
708287030
1409512241
1236931811
1183486059
40236335
1437587423
1391486354
1094096161
1710043339
1086425566
215083305
1312089725
825163068
678968658
1417432641
770516199
178194729
1441533456
227516526
1006493830
1642957002
711382468
2089077448
1429170433
753461211
2130727730
694490352
1301257656
1854979831
1976076330
1265588080
110172911
1533444784
794048678
1020121089
641977
167622207
63200591
1702260264
718037266
996150280
2127330328
928701822
683936744
936213202
513233612
1606529080
735970766
1608247155
115588403
1902899386
1921533352
739923959
1551086891
1019235421
1373114635
776686308
339832151
1646975637
921497769
346789825
530019626
1863635195
1635852143
1773133736
1603522561
1001583439
1612771255
312646616
186625732
1690332385
1127996209
1870271032
381076566
1095330852
976748755
998017847
1887612140
215538432
1046442571
1463935600
490053391
924542826
208264398
506522757
1322867062
345017709
1860562733
215423550
1403016766
628313582
1658385935
988975807
1582182651
756376771
1908097284
1001722348
390810411
11715807
2044655257
2125772154
1932814408
1590761486
345564993
1769584067
265102818
133051944
174773587
377635019
629031591
496559439
597811319
2057809046
1523198829
1194563674
2060627824
1099224436
1633737878
1458173782
316354377
1596725273
2069589185
1196032951
1641198838
1364572384
227907125
1418982871
1916949020
1354208416
480051332
866053905
1996300648
1317080564
1763366817
2067705708
2041095099
1083533807
2042352361
1908694255
1184802785
886420771
1320625306
1258276153
820235659
1511262012
1703678086
1658201981
1339178529
1306794673
1177324553
609765225
1036431064
370290028
763414806
1936121556
551777235
1842580050
1497043609
536029967
478877855
1681427053
1911051637
1810709248
1747401879
116322480
868394015
451270795
1567247762
75533384
1040644909
884063269
830606240
1835732798
2022680652
1303793857
331882432
63638411
909945035
1191914781
1895708905
1190452787
1887455675
1466862966
399481465
447176148
626667786
980970615
58068884
910988565
553453358
643112886
715776922
1822856607
1964697909
1618489557
1112400033
587842956
336943964
1854880722
284617473
114323652
1896803628
1066281388
2033187701
1534518189
303662972
1374712132
1630554171
158569326
778236753
1120036532
1428142172
796267225
1454393542
1746782460
751458193
1385336026
506315102
1280577951
1869665763
250462990
830309270
1718797628
1864878407
162408620
2026670306
1839936135
250842633
1731024516
218619596
1550690325
750854840
1454380916
420438340
522923825
196055672
1226512976
926285841
1833923590
721345803
407677676
810623080
1695037181
617705671
1073490412
1938646608
1066388291
1157861524
831262125
1070239931
1261050952
1944772482
1488136958
525639476
691349605
1295808716
425591036
1167856691
1133626614
2088215899
1997252359
713714025
1857935265
614131203
2137885340
1794762597
522892618
918797059
1912257812
1174331240
84628787
160854057
862899758
1818262346
2087702979
491890557
1152677032
871927921
2117731106
1412846659
388278138
577923339
1724632092
1830745007
811518582
734511805
1951344546
1799188938
720803658
898787562
503861125
1409979240
11529641
1801991910
752650139
1157739466
686802901
58435814
722387509
737755590
581075494
1692651757
1704168191
1437546358
1626490680
1091834481
2020808411
2021668917
928516208
1757609433
1322615219
1877416285
70019848
1034663712
1332387187
1375709631
935190927
518165301
1203676268
773256150
1512343733
1595134527
252816357
539584288
1975361226
1070155322
1607113786
1350930268
1627317615
473239360
1471174243
1458270082
1005977200
1458668630
1056885253
2071931759
417987264
693539172
602036445
1209216399
1187658132
1946376524
1151332639
49729446
725518678
1272852942
681298699
1174652585
320301657
510845366
898327328
1614784957
1762260988
1917059406
587748914
477678442
1782391260
1397407160
724580898
727753832
210470669
616977163
1794399527
134865817
588927659
354040282
980897398
991076919
1496399745
720810779
1446652257
475803538
1821940397
1613389068
1028832136
286897068
510669108
951759
382938420
1922718485
1459778479
1090764618
358301454
1143362846
2089365258
532198243
971495027
930773871
1947153489
713962974
2091688776
187720121
286064714
1493894111
1914528605
928168624
1101110730
1487787532
750175380
1023367711
1601538697
1344247489
1935378000
796855348
1085615085
9649771
1221428953
446245989
1701525866
1593349476
871921017
1934049975
1262532126
294508445
716628645
521439299
2029056802
667740075
275563179
649731594
849990022
237208972
1006737690
1008812552
1894055888
1575323258
179335562
1749895588
1767263591
986216666
1807265696
278386815
2084192543
1662465625
1965772837
799755291
1149394851
668253752
502534363
1675979131
1605888533
1219154771
25257085
38722945
601234206
1759003640
1614793023
187576321
1987073796
1391163119
462012583
1402080493
1833246554
1933910797
75189887
2034797516
90266937
792339210
954467049
726619528
1811369354
1507092447
1130153702
1575123956
712561928
851960105
333318908
345083840
901503742
1132237284
1631691184
166899744
631763085
1094911830
1866505222
2044542500
1201691107
1505531482
1566608191
1810592314
517030298
1127728751
1597325631
407197029
656050485
1800578368
241925966
1138110973
151637268
302793823
1159286399
205331154
1562727740
1448308524
750934399
1146038196
1257081463
1429479026
794944610
1474622480
692135733
418274710
1931105036
1988309423
638919384
