-6
-5.984
-5.968
-5.952
-5.936
-5.92
-5.904
-5.888
-5.872
-5.856
-5.84
-5.824
-5.808
-5.792
-5.776
-5.76
-5.744
-5.728
-5.712
-5.696
-5.68
-5.664
-5.648
-5.632
-5.616
-5.6
-5.584
-5.568
-5.552
-5.536
-5.52
-5.504
-5.488
-5.472
-5.456
-5.44
-5.424
-5.408
-5.392
-5.376
-5.36
-5.344
-5.328
-5.312
-5.296
-5.28
-5.264
-5.248
-5.232
-5.216
-5.2
-5.184
-5.168
-5.152
-5.136
-5.12
-5.104
-5.088
-5.072
-5.056
-5.04
-5.024
-5.008
-4.992
-4.976
-4.96
-4.944
-4.928
-4.912
-4.896
-4.88
-4.864
-4.848
-4.832
-4.816
-4.8
-4.784
-4.768
-4.752
-4.736
-4.72
-4.704
-4.688
-4.672
-4.656
-4.64
-4.624
-4.608
-4.592
-4.576
-4.56
-4.544
-4.528
-4.512
-4.496
-4.48
-4.464
-4.448
-4.432
-4.416
-4.4
-4.384
-4.368
-4.352
-4.336
-4.32
-4.304
-4.288
-4.272
-4.256
-4.24
-4.224
-4.208
-4.192
-4.176
-4.16
-4.144
-4.128
-4.112
-4.096
-4.08
-4.064
-4.048
-4.032
-4.016
-4
-3.984
-3.968
-3.952
-3.936
-3.92
-3.904
-3.888
-3.872
-3.856
-3.84
-3.824
-3.808
-3.792
-3.776
-3.76
-3.744
-3.728
-3.712
-3.696
-3.68
-3.664
-3.648
-3.632
-3.616
-3.6
-3.584
-3.568
-3.552
-3.536
-3.52
-3.504
-3.488
-3.472
-3.456
-3.44
-3.424
-3.408
-3.392
-3.376
-3.36
-3.344
-3.328
-3.312
-3.296
-3.28
-3.264
-3.248
-3.232
-3.216
-3.2
-3.184
-3.168
-3.152
-3.136
-3.12
-3.104
-3.088
-3.072
-3.056
-3.04
-3.024
-3.008
-2.992
-2.976
-2.96
-2.944
-2.928
-2.912
-2.896
-2.88
-2.864
-2.848
-2.832
-2.816
-2.8
-2.784
-2.768
-2.752
-2.736
-2.72
-2.704
-2.688
-2.672
-2.656
-2.64
-2.624
-2.608
-2.592
-2.576
-2.56
-2.544
-2.528
-2.512
-2.496
-2.48
-2.464
-2.448
-2.432
-2.416
-2.4
-2.384
-2.368
-2.352
-2.336
-2.32
-2.304
-2.288
-2.272
-2.256
-2.24
-2.224
-2.208
-2.192
-2.176
-2.16
-2.144
-2.128
-2.112
-2.096
-2.08
-2.064
-2.048
-2.032
-2.016
-2
-1.984
-1.968
-1.952
-1.936
-1.92
-1.904
-1.888
-1.872
-1.856
-1.84
-1.824
-1.808
-1.792
-1.776
-1.76
-1.744
-1.728
-1.712
-1.696
-1.68
-1.664
-1.648
-1.632
-1.616
-1.6
-1.584
-1.568
-1.552
-1.536
-1.52
-1.504
-1.488
-1.472
-1.456
-1.44
-1.424
-1.408
-1.392
-1.376
-1.36
-1.344
-1.328
-1.312
-1.296
-1.28
-1.264
-1.248
-1.232
-1.216
-1.2
-1.184
-1.168
-1.152
-1.136
-1.12
-1.104
-1.088
-1.072
-1.056
-1.04
-1.024
-1.008
-0.992
-0.976
-0.96
-0.944
-0.928
-0.912
-0.896
-0.88
-0.864
-0.848
-0.832
-0.816
-0.8
-0.784
-0.768
-0.752
-0.736
-0.72
-0.704
-0.688
-0.672
-0.656
-0.64
-0.624
-0.608
-0.592
-0.576
-0.56
-0.544
-0.528
-0.512
-0.496
-0.48
-0.464
-0.448
-0.432
-0.416
-0.4
-0.384
-0.368
-0.352
-0.336
-0.32
-0.304
-0.288
-0.272
-0.256
-0.24
-0.224
-0.208
-0.192
-0.176
-0.16
-0.144
-0.128
-0.112
-0.096
-0.08
-0.064
-0.048
-0.032
-0.016
0
0.016
0.032
0.048
0.064
0.08
0.096
0.112
0.128
0.144
0.16
0.176
0.192
0.208
0.224
0.24
0.256
0.272
0.288
0.304
0.32
0.336
0.352
0.368
0.384
0.4
0.416
0.432
0.448
0.464
0.48
0.496
0.512
0.528
0.544
0.56
0.576
0.592
0.608
0.624
0.64
0.656
0.672
0.688
0.704
0.72
0.736
0.752
0.768
0.784
0.8
0.816
0.832
0.848
0.864
0.88
0.896
0.912
0.928
0.944
0.96
0.976
0.992
1.008
1.024
1.04
1.056
1.072
1.088
1.104
1.12
1.136
1.152
1.168
1.184
1.2
1.216
1.232
1.248
1.264
1.28
1.296
1.312
1.328
1.344
1.36
1.376
1.392
1.408
1.424
1.44
1.456
1.472
1.488
1.504
1.52
1.536
1.552
1.568
1.584
1.6
1.616
1.632
1.648
1.664
1.68
1.696
1.712
1.728
1.744
1.76
1.776
1.792
1.808
1.824
1.84
1.856
1.872
1.888
1.904
1.92
1.936
1.952
1.968
1.984
2
2.016
2.032
2.048
2.064
2.08
2.096
2.112
2.128
2.144
2.16
2.176
2.192
2.208
2.224
2.24
2.256
2.272
2.288
2.304
2.32
2.336
2.352
2.368
2.384
2.4
2.416
2.432
2.448
2.464
2.48
2.496
2.512
2.528
2.544
2.56
2.576
2.592
2.608
2.624
2.64
2.656
2.672
2.688
2.704
2.72
2.736
2.752
2.768
2.784
2.8
2.816
2.832
2.848
2.864
2.88
2.896
2.912
2.928
2.944
2.96
2.976
2.992
3.008
3.024
3.04
3.056
3.072
3.088
3.104
3.12
3.136
3.152
3.168
3.184
3.2
3.216
3.232
3.248
3.264
3.28
3.296
3.312
3.328
3.344
3.36
3.376
3.392
3.408
3.424
3.44
3.456
3.472
3.488
3.504
3.52
3.536
3.552
3.568
3.584
3.6
3.616
3.632
3.648
3.664
3.68
3.696
3.712
3.728
3.744
3.76
3.776
3.792
3.808
3.824
3.84
3.856
3.872
3.888
3.904
3.92
3.936
3.952
3.968
3.984
4
4.016
4.032
4.048
4.064
4.08
4.096
4.112
4.128
4.144
4.16
4.176
4.192
4.208
4.224
4.24
4.256
4.272
4.288
4.304
4.32
4.336
4.352
4.368
4.384
4.4
4.416
4.432
4.448
4.464
4.48
4.496
4.512
4.528
4.544
4.56
4.576
4.592
4.608
4.624
4.64
4.656
4.672
4.688
4.704
4.72
4.736
4.752
4.768
4.784
4.8
4.816
4.832
4.848
4.864
4.88
4.896
4.912
4.928
4.944
4.96
4.976
4.992
5.008
5.024
5.04
5.056
5.072
5.088
5.104
5.12
5.136
5.152
5.168
5.184
5.2
5.216
5.232
5.248
5.264
5.28
5.296
5.312
5.328
5.344
5.36
5.376
5.392
5.408
5.424
5.44
5.456
5.472
5.488
5.504
5.52
5.536
5.552
5.568
5.584
5.6
5.616
5.632
5.648
5.664
5.68
5.696
5.712
5.728
5.744
5.76
5.776
5.792
5.808
5.824
5.84
5.856
5.872
5.888
5.904
5.92
5.936
5.952
5.968
5.984
6
6.016
6.032
6.048
6.064
6.08
6.096
6.112
6.128
6.144
6.16
6.176
6.192
6.208
6.224
6.24
6.256
6.272
6.288
6.304
6.32
6.336
6.352
6.368
6.384
6.4
6.416
6.432
6.448
6.464
6.48
6.496
6.512
6.528
6.544
6.56
6.576
6.592
6.608
6.624
6.64
6.656
6.672
6.688
6.704
6.72
6.736
6.752
6.768
6.784
6.8
6.816
6.832
6.848
6.864
6.88
6.896
6.912
6.928
6.944
6.96
6.976
6.992
7.008
7.024
7.04
7.056
7.072
7.088
7.104
7.12
7.136
7.152
7.168
7.184
7.2
7.216
7.232
7.248
7.264
7.28
7.296
7.312
7.328
7.344
7.36
7.376
7.392
7.408
7.424
7.44
7.456
7.472
7.488
7.504
7.52
7.536
7.552
7.568
7.584
7.6
7.616
7.632
7.648
7.664
7.68
7.696
7.712
7.728
7.744
7.76
7.776
7.792
7.808
7.824
7.84
7.856
7.872
7.888
7.904
7.92
7.936
7.952
7.968
7.984
8
8.016
8.032
8.048
8.064
8.08
8.096
8.112
8.128
8.144
8.16
8.176
8.192
8.208
8.224
8.24
8.256
8.272
8.288
8.304
8.32
8.336
8.352
8.368
8.384
8.4
8.416
8.432
8.448
8.464
8.48
8.496
8.512
8.528
8.544
8.56
8.576
8.592
8.608
8.624
8.64
8.656
8.672
8.688
8.704
8.72
8.736
8.752
8.768
8.784
8.8
8.816
8.832
8.848
8.864
8.88
8.896
8.912
8.928
8.944
8.96
8.976
8.992
9.008
9.024
9.04
9.056
9.072
9.088
9.104
9.12
9.136
9.152
9.168
9.184
9.2
9.216
9.232
9.248
9.264
9.28
9.296
9.312
9.328
9.344
9.36
9.376
9.392
9.408
9.424
9.44
9.456
9.472
9.488
9.504
9.52
9.536
9.552
9.568
9.584
9.6
9.616
9.632
9.648
9.664
9.68
9.696
9.712
9.728
9.744
9.76
9.776
9.792
9.808
9.824
9.84
9.856
9.872
9.888
9.904
9.92
9.936
9.952
9.968
9.984
